0 48
0 49
0 50
0 102
0 103
0 104
0 123
0 124
0 125
1 0
1 1
1 2
2 3
2 4
2 5
3 6
3 7
3 8
4 9
4 10
4 11
5 12
5 13
5 14
6 15
6 16
6 17
7 18
7 19
7 20
8 21
8 22
8 23
9 24
9 25
9 26
10 27
10 28
10 29
11 30
11 31
11 32
12 33
12 34
12 35
13 36
13 37
13 38
14 39
14 40
14 41
15 42
15 43
15 44
16 45
16 46
16 47
17 51
17 52
17 53
18 54
18 55
18 56
19 57
19 58
19 59
20 60
20 61
20 62
21 63
21 64
21 65
22 66
22 67
22 68
23 69
23 70
23 71
24 72
24 73
24 74
25 75
25 76
25 77
26 78
26 79
26 80
27 81
27 82
27 83
28 84
28 85
28 86
29 87
29 88
29 89
30 90
30 91
30 92
31 93
31 94
31 95
32 96
32 97
32 98
33 99
33 100
33 101
34 105
34 106
34 107
35 108
35 109
35 110
36 111
36 112
36 113
37 114
37 115
37 116
38 117
38 118
38 119
39 120
39 121
39 122
40 126
40 127
40 128
41 129
41 130
41 131
42 132
42 133
42 134
43 135
43 136
43 137
44 138
44 139
44 140
45 141
45 142
45 143
46 144
46 145
46 146
47 147
47 148
47 149
48 150
48 151
48 152
49 153
49 154
49 155
50 156
50 157
50 158
51 159
51 160
51 161
52 162
52 163
52 164
53 165
53 166
53 167
54 168
54 169
54 170
55 171
55 172
55 173
56 174
56 175
56 176
57 177
57 178
57 179
58 180
58 181
58 182
