0 42
0 43
0 44
0 81
0 82
0 83
0 99
0 100
0 101
1 0
1 1
1 2
2 3
2 4
2 5
3 6
3 7
3 8
4 9
4 10
4 11
5 12
5 13
5 14
6 15
6 16
6 17
7 18
7 19
7 20
8 21
8 22
8 23
9 24
9 25
9 26
10 27
10 28
10 29
11 30
11 31
11 32
12 33
12 34
12 35
13 36
13 37
13 38
14 39
14 40
14 41
15 45
15 46
15 47
16 48
16 49
16 50
17 51
17 52
17 53
18 54
18 55
18 56
19 57
19 58
19 59
20 60
20 61
20 62
21 63
21 64
21 65
22 66
22 67
22 68
23 69
23 70
23 71
24 72
24 73
24 74
25 75
25 76
25 77
26 78
26 79
26 80
27 84
27 85
27 86
28 87
28 88
28 89
29 90
29 91
29 92
30 93
30 94
30 95
31 96
31 97
31 98
32 102
32 103
32 104
33 105
33 106
33 107
34 108
34 109
34 110
35 111
35 112
35 113
36 114
36 115
36 116
37 117
37 118
37 119
38 120
38 121
38 122
39 123
39 124
39 125
40 126
40 127
40 128
41 129
41 130
41 131
42 132
42 133
42 134
43 135
43 136
43 137
44 138
44 139
44 140
45 141
45 142
45 143
46 144
46 145
46 146
47 147
47 148
47 149
48 150
48 151
48 152
49 153
49 154
49 155
