0 51
0 52
0 53
0 93
0 94
0 95
0 105
0 106
0 107
1 0
1 1
1 2
2 3
2 4
2 5
3 6
3 7
3 8
4 9
4 10
4 11
5 12
5 13
5 14
6 15
6 16
6 17
7 18
7 19
7 20
8 21
8 22
8 23
9 24
9 25
9 26
10 27
10 28
10 29
11 30
11 31
11 32
12 33
12 34
12 35
13 36
13 37
13 38
14 39
14 40
14 41
15 42
15 43
15 44
16 45
16 46
16 47
17 48
17 49
17 50
18 54
18 55
18 56
19 57
19 58
19 59
20 60
20 61
20 62
21 63
21 64
21 65
22 66
22 67
22 68
23 69
23 70
23 71
24 72
24 73
24 74
25 75
25 76
25 77
26 78
26 79
26 80
27 81
27 82
27 83
28 84
28 85
28 86
29 87
29 88
29 89
30 90
30 91
30 92
31 96
31 97
31 98
32 99
32 100
32 101
33 102
33 103
33 104
34 108
34 109
34 110
35 111
35 112
35 113
36 114
36 115
36 116
37 117
37 118
37 119
38 120
38 121
38 122
39 123
39 124
39 125
40 126
40 127
40 128
41 129
41 130
41 131
42 132
42 133
42 134
